employee_id,age,years_experience,department,education_level,performance_score,salary,hours_worked_per_week,previous_promotions,training_hours,certifications,team_size,remote_work_days,promoted
1,38,0.9,Engineering,Bachelor,25.9,62384,44.4,0,49.8,0,1,1,0
2,33,0.6,Engineering,High School,21.7,79808,39.5,1,12.6,2,3,0,1
3,40,5.1,Engineering,Bachelor,63.4,107060,37.0,0,6.4,2,8,1,1
4,47,6.1,Sales,Master,30.2,113914,37.5,0,3.1,2,3,0,0
5,33,0.2,Finance,Bachelor,35.3,96444,42.8,1,0.1,4,5,4,0
6,33,11.0,Marketing,PhD,19.6,145917,41.0,2,15.2,0,1,1,0
7,47,0.3,Marketing,Bachelor,19.5,87352,45.2,1,2.3,2,12,1,0
8,41,3.9,Engineering,Bachelor,12.0,78862,42.3,0,9.9,0,3,5,0
9,31,6.2,Operations,Bachelor,28.8,84421,42.5,1,17.8,0,12,2,0
10,39,10.2,Sales,Bachelor,19.5,109831,45.6,2,6.5,1,12,0,0
11,31,6.3,Engineering,Bachelor,22.2,91000,50.5,0,3.9,2,1,1,1
12,31,8.1,Marketing,High School,49.2,80800,50.8,1,29.8,0,5,0,0
13,36,2.1,Engineering,Bachelor,8.5,72283,50.0,0,58.7,0,1,0,0
14,22,0.0,Sales,Bachelor,17.1,87842,47.2,1,2.1,0,12,0,0
15,22,0.0,Marketing,Master,32.8,103231,54.5,3,3.4,0,5,3,0
16,30,8.0,Operations,Bachelor,31.5,96101,44.6,0,64.4,1,1,0,1
17,26,4.0,Sales,Master,55.9,101985,44.0,1,0.8,0,1,2,1
18,37,8.5,HR,High School,5.7,63168,55.5,0,76.0,0,3,4,0
19,27,3.0,Operations,Bachelor,52.2,78862,30.0,0,0.1,0,12,2,0
20,23,1.0,Engineering,Bachelor,11.1,92909,40.7,0,41.4,4,8,5,0
21,46,3.7,Engineering,Bachelor,22.7,87544,49.5,0,7.3,1,12,2,0
22,33,6.6,Sales,High School,8.2,81079,47.9,1,55.8,1,3,2,0
23,35,0.4,Sales,Master,2.0,90164,57.4,0,7.6,1,1,4,0
24,23,0.3,Sales,Master,51.5,103123,42.6,2,21.2,1,15,0,0
25,30,1.4,Operations,Bachelor,15.2,81536,39.4,0,1.7,1,1,0,0
26,35,0.9,HR,High School,40.2,73039,40.0,2,5.6,2,12,3,0
27,25,3.0,Marketing,Master,19.3,110400,43.9,1,29.7,2,3,2,0
28,38,1.2,Sales,Bachelor,56.8,97656,51.7,1,15.0,3,1,4,0
29,30,8.0,Finance,Master,20.7,119203,51.8,3,52.6,2,8,5,0
30,32,2.1,Operations,Master,24.3,89255,41.7,0,11.2,1,15,2,0
31,30,1.0,Finance,Master,16.9,84961,43.5,1,40.8,0,15,3,0
32,49,7.8,Engineering,Bachelor,12.0,107702,38.3,1,11.9,2,3,2,0
33,34,5.4,Marketing,High School,42.8,72877,39.0,0,77.5,0,3,5,1
34,26,3.4,Engineering,Bachelor,28.1,80088,48.3,1,64.3,1,5,4,1
35,41,4.1,Engineering,Bachelor,2.6,95520,51.6,1,8.0,3,5,5,0
36,25,3.0,Engineering,Master,57.6,119331,37.8,2,43.4,3,8,1,0
37,36,1.3,Marketing,High School,24.7,54756,43.5,0,37.6,1,3,4,0
38,22,0.0,HR,High School,12.7,68921,40.5,1,4.7,1,15,1,0
39,24,2.0,Engineering,Master,7.7,96074,47.2,1,19.6,0,5,1,0
40,36,5.3,Sales,Master,13.2,101302,39.7,1,1.5,0,8,5,0
41,40,1.1,Sales,Master,34.2,89632,30.4,0,36.2,0,5,0,0
42,36,5.7,Sales,Master,44.2,102531,48.0,1,3.8,0,5,5,0
43,34,0.4,Engineering,Bachelor,22.9,80994,40.2,2,1.5,1,15,0,0
44,32,0.2,Sales,Bachelor,81.3,98080,40.8,1,10.2,1,5,4,1
45,23,1.0,Finance,Master,20.8,93289,44.6,0,17.2,2,12,1,0
46,29,3.1,Engineering,Bachelor,26.1,85090,44.1,0,38.6,1,15,2,1
47,31,9.0,Engineering,Bachelor,11.0,94468,44.7,1,73.2,2,8,1,0
48,43,6.5,Sales,High School,25.1,74662,32.2,1,11.6,1,5,3,0
49,37,6.8,Operations,Bachelor,46.2,102248,45.3,1,1.2,1,1,1,0
50,22,0.0,HR,Master,62.2,107337,30.5,2,27.7,1,1,3,0
51,37,2.1,HR,Bachelor,39.8,97043,46.6,2,16.7,0,3,0,0
52,31,2.3,Sales,Bachelor,5.9,85685,48.7,1,11.9,0,3,0,0
53,29,7.0,Marketing,Bachelor,10.0,84340,33.8,0,7.4,0,3,0,0
54,39,0.2,Engineering,Bachelor,5.9,81051,44.0,1,14.0,1,3,2,0
55,43,10.1,Marketing,Bachelor,14.0,95447,48.3,0,8.3,1,3,4,0
56,42,4.3,Operations,Bachelor,18.1,94705,39.3,1,28.3,0,5,4,0
57,28,2.9,Marketing,Master,12.1,104377,46.0,1,15.7,1,1,1,0
58,32,6.5,Operations,Bachelor,38.0,102605,30.0,2,41.9,1,1,3,1
59,37,3.3,HR,High School,11.6,64647,48.6,0,15.7,1,8,4,0
60,42,10.3,Engineering,High School,34.4,99945,42.2,0,5.4,2,5,1,0
61,31,9.0,Operations,Bachelor,42.4,101878,40.5,0,38.1,1,5,2,1
62,33,2.7,Engineering,Bachelor,22.3,98095,47.9,2,16.3,0,5,2,1
63,26,1.6,Marketing,Master,49.7,93015,52.4,0,4.6,3,8,0,0
64,25,3.0,Engineering,Bachelor,36.7,89150,44.9,0,19.5,1,5,0,0
65,41,12.2,Engineering,Master,17.7,115386,51.7,0,8.9,0,5,0,0
66,45,1.2,Sales,Bachelor,25.8,97900,32.7,1,37.2,3,15,3,0
67,34,4.9,Engineering,Bachelor,18.9,97714,46.0,1,12.1,0,8,0,0
68,43,5.0,Sales,Bachelor,41.6,96955,41.2,0,25.9,3,5,0,0
69,37,6.6,Marketing,Master,37.4,123663,37.3,1,2.0,2,5,1,1
70,29,0.7,Engineering,Bachelor,31.6,101993,30.4,2,10.1,2,3,0,0
71,37,6.3,Engineering,Bachelor,8.4,86778,45.7,0,80.0,0,5,0,1
72,47,12.0,Marketing,Bachelor,17.0,129733,47.3,3,33.1,1,15,5,1
73,34,1.0,Sales,High School,14.8,65274,50.1,1,3.5,1,5,0,0
74,47,1.4,HR,Bachelor,4.0,78116,49.1,2,6.5,0,12,3,0
75,22,0.0,HR,Bachelor,10.3,82395,37.4,1,8.0,2,5,2,0
76,41,1.0,Finance,Bachelor,10.5,78829,49.7,1,21.0,1,15,3,1
77,35,9.6,HR,Bachelor,22.8,99068,50.4,1,28.3,0,5,3,0
78,32,3.4,Sales,Bachelor,40.4,95593,40.4,1,27.7,0,1,1,0
79,35,1.4,HR,Master,18.5,92354,42.2,1,14.3,0,5,4,0
80,22,0.0,Engineering,Master,23.6,97237,36.4,1,33.3,4,3,2,1
81,33,2.9,Sales,Master,23.6,115917,50.9,1,11.5,5,1,4,0
82,37,3.6,Finance,High School,25.6,77672,32.9,1,2.6,3,8,2,0
83,46,2.2,Sales,High School,27.7,73436,45.2,0,16.6,2,3,5,0
84,30,4.5,Finance,Bachelor,49.3,95574,38.4,0,60.9,1,8,4,0
85,28,0.9,Finance,Bachelor,22.5,85081,35.4,0,31.5,1,3,5,0
86,30,2.5,Operations,Bachelor,49.8,88696,30.8,0,17.3,1,3,2,1
87,42,17.4,Operations,High School,27.1,112457,40.7,1,20.8,1,15,2,1
88,37,1.5,Sales,Bachelor,24.5,77282,34.4,1,53.3,0,3,4,0
89,30,5.3,Sales,High School,70.7,83524,42.3,0,11.2,0,5,4,0
90,39,2.0,Marketing,Master,44.1,109569,52.6,1,8.1,0,5,5,0
91,35,7.4,Sales,Bachelor,4.3,93974,43.2,1,75.7,2,5,1,0
92,42,0.7,Marketing,Bachelor,33.8,83517,54.0,0,39.8,0,12,4,0
93,29,7.0,HR,High School,10.9,69939,36.1,0,7.8,1,8,1,0
94,32,3.0,HR,Bachelor,27.9,84881,34.3,1,12.5,2,5,2,0
95,31,1.3,Sales,Bachelor,12.3,79310,35.8,1,10.7,0,12,0,0
96,23,0.4,Engineering,Master,31.1,107750,41.6,2,3.2,1,3,1,0
97,37,0.9,Sales,Master,58.1,110499,58.3,2,63.3,0,5,5,1
98,37,3.7,Engineering,Bachelor,35.2,85400,32.0,1,10.4,0,15,0,0
99,35,2.1,Operations,Master,21.2,102542,45.7,1,41.6,2,5,3,0
100,33,8.8,Sales,PhD,19.1,132451,37.8,1,4.2,1,8,3,0
101,23,1.0,Engineering,Master,52.9,92630,40.7,0,15.9,1,8,0,0
102,31,1.4,Engineering,Master,34.4,100814,34.5,1,0.5,2,8,1,0
103,32,4.8,Marketing,Bachelor,50.9,84436,47.3,0,28.9,0,12,3,0
104,28,6.0,Marketing,Bachelor,38.9,111384,41.7,4,17.4,0,3,0,1
105,33,0.9,Sales,High School,24.9,65018,48.5,0,19.6,0,3,4,0
106,38,0.9,Engineering,High School,32.6,61444,43.1,0,1.1,2,5,5,0
107,50,0.2,Sales,PhD,61.6,121549,30.4,1,4.7,0,8,1,0
108,36,6.7,Sales,Bachelor,26.4,94057,48.6,1,1.5,2,3,0,0
109,37,5.5,HR,Master,18.2,103414,30.0,0,6.8,1,1,2,0
110,34,3.2,Marketing,Master,17.2,102369,30.8,2,19.7,1,3,3,0
111,22,0.0,Sales,Master,39.7,100677,36.5,2,16.7,2,15,1,0
112,34,8.2,Engineering,PhD,20.2,137524,36.6,1,18.9,0,8,0,0
113,35,4.4,Operations,Bachelor,22.9,96642,50.4,2,15.9,3,5,2,0
114,54,10.1,Sales,High School,46.3,88027,41.0,0,6.4,1,3,5,0
115,33,1.2,HR,Bachelor,10.1,71804,49.5,2,5.6,1,3,2,0
116,37,0.6,Engineering,High School,28.0,65814,38.6,0,2.9,0,3,2,0
117,34,1.6,Sales,High School,49.1,104863,43.9,4,37.8,5,1,5,0
118,25,0.3,Engineering,Bachelor,31.6,81081,44.8,1,19.2,0,12,3,0
119,44,3.8,Marketing,Master,28.2,88465,46.2,0,4.1,0,15,3,0
120,41,13.8,Operations,Bachelor,37.7,121074,39.2,1,3.9,1,3,3,0
121,41,0.2,Sales,Bachelor,32.3,78633,39.7,1,41.3,1,1,5,0
122,27,0.7,Engineering,Bachelor,24.5,84268,40.2,1,27.2,2,3,3,0
123,46,3.0,Engineering,Bachelor,5.1,89099,32.1,0,21.5,0,5,4,0
124,23,1.0,Sales,High School,38.9,61767,41.5,0,10.4,1,3,3,0
125,39,1.9,Engineering,Master,9.1,97280,39.7,0,6.1,1,3,3,0
126,52,3.5,Engineering,Bachelor,40.7,93789,45.5,1,77.7,0,3,1,0
127,27,0.2,Finance,Master,4.9,92464,42.5,0,31.9,2,8,1,0
128,30,0.8,Sales,High School,13.4,66098,50.0,1,7.2,1,8,4,0
129,35,13.0,Engineering,Master,31.1,124609,42.4,0,37.6,0,5,1,1
130,30,8.0,Operations,Bachelor,23.5,104054,38.6,2,28.5,1,3,3,0
131,22,0.0,Engineering,Bachelor,20.7,75871,42.3,0,7.1,1,12,1,0
132,35,13.0,Operations,Bachelor,68.2,133689,46.3,3,11.1,0,15,4,0
133,26,4.0,Sales,Master,41.3,96688,31.4,0,4.1,1,3,0,0
134,38,10.1,Operations,Bachelor,5.3,113473,37.7,1,2.4,4,3,4,0
135,27,3.0,Marketing,Bachelor,49.1,96505,37.8,0,25.7,3,5,3,0
136,47,3.6,Finance,PhD,45.5,132648,44.5,1,6.2,1,1,0,0
137,28,3.4,Operations,Master,36.1,114189,45.2,2,34.3,1,5,2,0
138,32,5.5,Engineering,Bachelor,18.8,91038,42.6,1,80.0,0,5,1,1
139,41,0.8,Operations,Master,39.6,88458,30.0,1,1.6,1,5,1,0
140,25,0.2,Sales,Bachelor,28.4,72702,32.1,0,12.8,0,3,2,0
141,36,1.8,Sales,Bachelor,43.7,80376,40.6,1,32.4,0,5,0,0
142,45,6.1,Sales,Bachelor,14.2,89425,39.0,1,31.1,1,15,5,0
143,22,0.0,Marketing,Master,17.5,81290,42.0,0,28.5,1,3,0,0
144,36,5.6,Engineering,Master,10.9,105790,39.2,1,8.6,1,8,3,0
145,37,15.0,Marketing,Bachelor,15.1,106535,51.2,0,12.1,1,1,2,1
146,41,0.5,Marketing,Bachelor,20.0,89340,30.0,3,18.1,5,1,3,0
147,25,3.0,Finance,Bachelor,32.4,100475,43.8,0,72.9,5,5,2,0
148,24,2.0,Finance,PhD,15.2,136147,47.0,1,7.9,3,1,3,0
149,39,10.1,Sales,PhD,27.2,146786,46.2,1,51.3,2,1,3,1
150,37,1.0,Sales,Bachelor,48.5,106124,46.7,5,6.3,1,3,3,0
151,37,5.9,Engineering,Master,36.0,116666,47.6,1,80.0,2,5,0,1
152,37,9.1,Engineering,Master,19.7,111589,38.4,0,22.2,1,8,3,0
153,29,7.0,Engineering,Bachelor,1.6,87260,35.4,0,12.5,0,3,1,0
154,36,5.7,Sales,High School,28.0,85785,30.0,1,19.0,3,8,0,0
155,37,3.4,Engineering,Bachelor,18.6,98109,39.8,3,6.4,2,3,2,0
156,29,4.8,Operations,Bachelor,11.7,87776,37.3,0,6.4,0,5,2,0
157,49,10.2,Marketing,Bachelor,28.7,89696,49.0,0,2.4,0,5,2,0
158,38,4.2,Sales,Bachelor,45.2,93208,40.3,0,2.4,1,8,3,0
159,25,0.2,Marketing,Master,17.2,89315,35.8,1,8.5,0,15,1,0
160,40,13.4,Engineering,High School,42.0,124311,34.9,2,28.8,3,12,1,1
161,27,5.0,Sales,Bachelor,23.3,85873,53.9,0,18.7,0,1,0,0
162,41,5.6,Marketing,Bachelor,34.3,93169,41.9,1,2.2,1,12,3,0
163,44,1.2,Sales,Bachelor,48.0,84396,37.3,0,38.2,2,1,3,0
164,28,5.4,Sales,Bachelor,1.6,86962,42.7,0,18.4,2,15,1,0
165,42,2.5,Operations,Bachelor,35.2,86593,53.4,1,64.8,3,3,3,1
166,38,5.3,Operations,High School,65.8,75487,39.7,0,22.2,1,3,2,0
167,41,0.6,Marketing,Bachelor,53.8,79242,46.1,2,3.9,0,1,2,0
168,50,5.4,Marketing,Bachelor,12.3,80246,49.1,0,12.8,1,1,2,0
169,33,11.0,Marketing,High School,31.6,93295,30.7,1,20.9,1,8,3,0
170,28,0.2,Engineering,Master,71.8,110484,38.2,2,0.6,0,12,3,0
171,27,5.0,Sales,Bachelor,21.0,73796,48.4,0,0.3,0,5,1,0
172,28,2.6,Engineering,Bachelor,48.0,90440,37.8,0,2.8,2,8,0,0
173,34,10.2,Sales,Master,30.1,119411,44.5,0,5.8,1,8,0,1
174,37,7.6,Marketing,High School,22.0,76648,37.4,0,11.2,1,3,3,0
175,37,4.2,Engineering,High School,47.8,81849,39.3,1,13.4,2,1,4,0
176,41,6.7,Operations,Master,47.7,112245,38.6,1,3.0,1,1,2,0
177,35,10.5,Operations,Bachelor,13.0,97249,45.8,0,22.4,2,3,0,1
178,46,2.6,HR,Bachelor,53.0,81896,43.2,0,18.1,1,3,4,0
179,32,2.0,Marketing,Master,0.5,86927,42.6,0,7.0,0,1,4,0
180,56,5.5,Operations,Master,21.4,109590,57.0,0,0.3,0,3,4,1
181,40,8.2,Engineering,PhD,29.1,131715,52.4,1,1.6,0,1,3,0
182,28,6.0,Finance,Bachelor,21.1,93622,30.1,1,9.9,1,12,4,1
183,26,4.0,Engineering,Bachelor,28.0,95338,39.3,1,3.3,2,1,0,0
184,38,2.9,Finance,Bachelor,18.4,83383,56.6,1,9.5,1,5,0,0
185,33,8.5,Engineering,High School,26.3,92041,38.6,0,19.8,2,5,0,0
186,40,0.6,Operations,Bachelor,42.0,68147,54.5,1,15.8,0,5,3,0
187,38,3.9,Operations,Bachelor,27.8,89724,39.4,0,5.3,4,1,0,0
188,34,0.0,Engineering,Master,62.4,108636,40.6,1,8.4,1,3,2,1
189,28,2.0,Sales,Bachelor,27.5,80928,47.2,1,19.0,0,1,2,1
190,22,0.0,Operations,Bachelor,23.1,84519,41.5,2,39.4,3,3,1,1
191,31,2.5,Sales,Bachelor,75.0,100511,45.0,2,28.0,0,3,4,0
192,41,5.9,Operations,High School,48.8,85147,51.4,0,16.1,2,5,0,1
193,36,2.5,Marketing,High School,38.6,73918,46.6,1,9.0,1,8,2,0
194,25,3.0,Sales,Bachelor,6.8,80788,42.8,0,9.1,3,5,4,0
195,36,1.4,Engineering,High School,58.0,82262,52.0,1,42.3,2,5,0,0
196,38,2.3,Engineering,Bachelor,42.2,99271,47.3,3,0.8,1,3,3,0
197,27,1.3,Finance,Master,10.8,100100,37.6,1,80.0,1,8,4,1
198,36,0.4,Sales,Master,37.4,100840,53.9,0,21.8,1,3,5,1
199,35,4.6,Marketing,Bachelor,13.7,70282,45.9,0,22.9,1,8,4,0
200,25,3.0,Sales,Bachelor,53.3,93711,40.7,1,0.8,1,8,1,0
201,37,4.8,Marketing,Master,55.0,104404,30.0,0,18.6,3,5,3,0
202,39,3.1,Operations,Master,45.3,125048,33.7,2,13.3,2,3,0,0
203,43,2.4,Operations,High School,18.6,65347,52.2,1,2.2,1,5,1,0
204,43,10.0,Sales,Master,43.9,132391,52.4,2,6.5,1,1,0,0
205,23,1.0,Finance,Bachelor,8.8,75074,42.5,0,44.2,1,1,1,0
206,27,3.3,Finance,Master,30.3,102190,31.4,0,16.0,3,1,4,0
207,39,0.1,Marketing,PhD,22.7,101252,35.5,0,10.7,0,3,1,0
208,39,2.1,Operations,High School,22.1,75561,32.3,1,1.5,1,5,3,0
209,39,2.4,Engineering,Master,9.3,110623,32.0,1,25.0,3,8,2,0
210,65,2.5,Engineering,Bachelor,29.2,93916,54.2,0,24.3,1,3,2,0
211,39,4.3,Operations,PhD,12.9,121713,54.4,1,19.0,1,12,5,0
212,44,3.8,Sales,Bachelor,19.3,89834,35.3,1,14.3,1,15,1,0
213,42,4.7,Finance,Master,38.4,109050,41.9,1,11.4,1,15,3,0
214,40,7.2,Operations,High School,29.0,78460,34.3,0,18.0,2,8,2,0
215,32,8.4,Engineering,Bachelor,19.7,91684,41.9,0,5.3,1,3,0,0
216,41,6.3,Operations,High School,13.2,81881,51.8,2,56.7,1,1,2,0
217,28,6.0,Sales,PhD,34.6,132969,48.5,2,17.8,1,5,4,1
218,33,0.1,Marketing,Master,36.0,95637,46.9,1,7.5,0,5,0,0
219,31,1.1,Marketing,Master,17.0,93968,40.8,0,11.9,2,8,0,0
220,35,0.0,Operations,Master,20.7,111677,49.6,4,32.8,2,15,0,0
221,53,5.2,Engineering,High School,29.8,92366,45.9,1,3.5,2,5,4,0
222,22,0.0,Sales,Bachelor,12.9,85391,44.4,2,6.9,2,3,3,0
223,40,1.4,HR,High School,32.6,77785,41.3,1,22.8,3,3,3,0
224,22,0.0,HR,Bachelor,11.2,83494,43.9,0,7.6,2,1,2,0
225,31,0.3,HR,Bachelor,14.4,91198,43.7,2,31.5,2,5,4,0
226,43,13.6,Engineering,Bachelor,0.7,121970,38.8,2,2.8,1,5,4,0
227,35,2.2,Engineering,Bachelor,13.9,84655,37.4,0,28.8,3,8,4,0
228,26,0.5,Sales,High School,4.7,68421,36.0,2,1.4,1,5,4,0
229,29,3.3,Finance,High School,20.1,72740,36.4,1,0.3,3,12,3,1
230,40,1.5,Engineering,High School,17.2,71635,40.9,1,45.7,1,5,2,0
231,29,1.7,Engineering,PhD,5.2,113598,39.9,0,17.4,1,8,4,0
232,36,1.8,Operations,Master,27.0,103113,38.3,2,8.7,1,1,5,0
233,35,8.1,Engineering,PhD,52.8,143002,37.8,0,5.3,1,12,0,1
234,29,3.9,Operations,Bachelor,66.8,98002,43.8,2,19.2,2,8,0,1
235,52,1.9,HR,Bachelor,6.1,89065,50.3,2,14.2,0,3,5,0
236,40,4.7,Finance,Master,30.9,105470,41.9,0,80.0,0,3,1,1
237,22,0.0,Engineering,Bachelor,35.3,84700,41.5,0,80.0,3,12,4,0
238,36,1.6,Engineering,Bachelor,40.4,92307,36.4,0,20.2,4,1,2,0
239,29,2.7,HR,Bachelor,21.4,91362,40.7,2,11.7,1,5,0,0
240,41,0.6,Finance,High School,34.1,69045,49.1,0,13.5,0,3,0,0
241,28,1.0,HR,Bachelor,41.2,85253,48.2,0,22.9,3,8,0,1
242,34,5.7,Engineering,Bachelor,57.2,95455,47.8,0,2.1,0,8,1,1
243,39,1.0,Finance,Bachelor,29.3,76452,47.6,0,8.0,0,3,2,1
244,41,3.7,Finance,High School,3.9,90005,44.6,3,1.6,1,5,3,0
245,25,3.0,HR,Bachelor,22.3,83120,44.4,1,1.5,1,15,5,0
246,32,0.6,Finance,Master,34.0,100063,43.5,0,4.4,3,8,2,0
247,31,4.2,Finance,High School,18.4,79462,39.5,1,13.3,0,12,2,0
248,29,1.5,Marketing,Bachelor,38.9,89212,42.5,1,30.7,2,5,2,0
249,49,16.5,Engineering,Master,8.5,135563,43.3,0,13.3,1,3,2,0
250,38,3.3,Sales,High School,64.3,74571,45.8,0,8.2,2,5,2,0
251,24,2.0,Engineering,High School,18.0,66567,42.6,1,1.7,0,8,0,0
252,42,4.0,Sales,Bachelor,9.9,99390,54.6,2,16.0,1,1,0,0
253,51,0.2,Sales,Bachelor,13.2,82813,34.7,2,6.3,2,3,0,0
254,43,5.0,Engineering,Bachelor,48.7,98509,46.5,1,19.1,1,1,0,1
255,22,0.0,Sales,Master,14.2,86126,41.8,0,75.6,0,5,3,0
256,31,4.6,Engineering,High School,32.0,100964,42.0,5,2.4,3,8,1,1
257,45,8.6,Finance,Bachelor,58.3,108979,37.1,2,4.8,0,1,4,0
258,29,7.0,Operations,Bachelor,12.8,90618,48.1,1,12.8,0,8,5,0
259,38,1.3,Engineering,High School,51.1,78692,45.9,1,69.2,2,12,5,1
260,41,1.2,Operations,Bachelor,40.9,87555,47.0,1,29.6,0,3,5,0
261,27,4.7,Marketing,Bachelor,4.1,86321,43.0,0,45.7,0,8,1,0
262,34,2.6,Engineering,Bachelor,43.8,88104,40.1,1,8.1,1,15,2,0
263,22,0.0,Engineering,High School,44.4,83426,41.6,1,80.0,5,15,0,0
264,26,4.0,Marketing,Bachelor,3.6,83089,44.6,0,2.2,1,3,4,1
265,32,2.2,Finance,Bachelor,26.0,86231,30.0,0,1.1,0,1,4,0
266,25,1.4,HR,Master,28.8,97741,47.2,1,38.7,0,1,4,0
267,48,7.6,Engineering,High School,20.9,86592,56.6,1,52.4,1,8,2,0
268,23,1.0,Engineering,Bachelor,18.5,78534,44.9,0,1.9,0,8,4,0
269,31,8.6,Sales,Bachelor,7.2,99424,40.3,0,2.4,2,8,0,0
270,36,2.8,Engineering,Master,34.8,96205,41.0,0,0.7,1,3,0,0
271,46,5.5,Engineering,Bachelor,0.9,93911,46.2,2,2.2,0,3,4,0
272,23,0.5,Engineering,Bachelor,27.1,85966,40.5,0,4.7,1,5,2,0
273,44,4.9,Finance,Master,20.6,110309,47.2,0,70.2,4,5,5,0
274,35,3.0,Operations,Master,23.5,102868,41.0,2,22.0,0,8,0,0
275,27,4.4,Sales,Bachelor,37.0,92234,52.3,1,30.2,1,5,4,0
276,38,0.9,Operations,Bachelor,20.7,59878,52.1,0,29.9,0,3,2,0
277,36,6.7,Sales,Master,33.2,110431,40.0,1,15.3,0,3,4,0
278,30,8.0,Sales,PhD,24.4,136380,41.5,1,31.9,1,3,4,0
279,35,1.2,Engineering,Master,18.3,93149,41.9,1,18.1,0,3,5,0
280,31,0.5,Marketing,Bachelor,26.5,77793,41.9,1,7.6,2,1,1,0
281,35,0.1,Operations,High School,37.1,71321,36.3,3,16.5,1,3,5,0
282,40,5.1,Marketing,Bachelor,33.9,94447,35.5,1,15.3,0,1,0,0
283,47,4.7,Sales,Master,1.6,103862,49.5,0,34.7,0,3,0,0
284,25,3.0,Marketing,Bachelor,37.0,93812,48.5,0,80.0,2,8,2,0
285,52,1.3,Engineering,Bachelor,30.9,77763,48.4,0,10.6,2,3,4,0
286,22,0.0,Operations,Master,3.4,92960,41.6,1,28.8,1,8,2,0
287,33,4.5,Marketing,Bachelor,40.8,87127,53.4,1,2.1,0,8,4,0
288,39,3.4,Sales,Master,28.7,107410,41.9,1,30.0,3,5,3,0
289,37,15.0,Marketing,Bachelor,62.7,119737,47.2,0,9.3,2,15,1,1
290,30,0.7,Marketing,Bachelor,13.0,84964,33.7,1,0.8,2,1,5,0
291,33,5.9,Engineering,Bachelor,36.8,120012,40.6,3,9.0,3,8,0,0
292,31,2.6,HR,Master,20.7,96121,41.1,0,18.9,2,15,4,0
293,30,2.8,Engineering,High School,50.2,76616,41.6,0,2.5,2,12,1,0
294,41,6.3,HR,High School,25.7,82267,34.0,0,51.5,3,3,2,0
295,37,5.9,Finance,PhD,60.4,135661,46.2,0,1.6,1,3,2,0
296,29,7.0,Finance,High School,7.8,88950,48.2,1,53.2,2,3,0,0
297,42,0.7,Marketing,Bachelor,29.6,77207,37.5,2,24.6,0,5,2,0
298,37,0.5,Marketing,Bachelor,36.8,77843,35.1,0,8.0,1,8,0,0
299,41,6.4,Engineering,Bachelor,39.3,93629,37.4,0,9.9,2,3,1,1
300,40,4.3,Finance,Bachelor,52.9,100124,45.0,1,27.0,2,5,0,1
301,28,1.6,Engineering,Bachelor,31.0,83073,38.4,1,18.4,0,8,2,0
302,30,0.4,Sales,Bachelor,5.7,87936,41.2,2,22.3,3,5,4,0
303,40,0.4,Engineering,Bachelor,15.6,69230,35.6,0,9.9,0,12,3,0
304,39,11.2,Engineering,Bachelor,9.5,91539,53.9,0,13.4,0,8,4,0
305,34,1.1,Marketing,High School,65.9,61379,42.4,1,80.0,0,1,3,1
306,35,2.0,Engineering,Bachelor,23.5,80925,48.9,0,4.8,1,5,3,0
307,45,1.3,HR,High School,20.2,58107,45.0,0,10.8,1,3,3,0
308,30,2.2,Sales,Bachelor,34.1,81925,41.7,0,6.9,2,5,2,1
309,39,0.4,Engineering,Bachelor,37.1,91937,41.4,1,29.0,1,15,3,1
310,33,3.7,Marketing,High School,25.8,66011,37.6,1,28.9,0,12,0,0
311,33,0.4,Engineering,Master,32.8,111527,39.3,2,6.9,1,5,4,0
312,43,8.1,Engineering,Bachelor,42.0,119654,36.0,1,1.7,3,3,4,1
313,41,1.3,HR,Master,13.1,79189,35.3,0,0.2,1,3,1,0
314,41,3.9,Engineering,PhD,32.8,131718,54.5,1,11.2,2,5,4,1
315,45,10.6,Finance,Bachelor,30.9,112694,43.7,1,10.6,3,1,0,0
316,35,5.3,Engineering,High School,44.3,72461,50.8,1,80.0,2,5,1,0
317,40,3.8,Engineering,Bachelor,45.2,88332,37.2,1,12.7,1,1,0,0
318,32,2.0,HR,Master,17.7,97307,34.5,1,5.9,0,3,4,0
319,37,2.0,Sales,Bachelor,6.6,95483,36.1,0,44.4,4,3,4,0
320,33,5.5,Engineering,High School,26.6,82673,39.5,1,13.5,0,15,4,1
321,35,13.0,Sales,Bachelor,35.0,121120,42.2,2,18.3,1,8,0,0
322,39,5.4,Engineering,Master,51.6,113768,41.1,0,2.0,2,3,2,1
323,28,4.1,Finance,Master,11.0,108806,37.4,1,9.7,0,1,3,0
324,51,6.6,Sales,High School,6.3,94390,42.5,1,57.7,3,5,0,0
325,26,3.1,Finance,Bachelor,13.3,78540,43.1,0,17.8,1,3,3,0
326,25,0.3,Operations,Bachelor,5.8,56941,46.2,0,8.4,0,5,0,0
327,44,4.1,Sales,Bachelor,32.5,76344,50.8,0,19.7,1,8,0,1
328,41,15.8,Operations,Master,28.9,131896,39.8,0,48.3,0,5,2,0
329,39,1.0,Sales,Bachelor,35.3,79237,49.3,0,6.4,1,5,3,0
330,40,5.9,Operations,Bachelor,13.4,93235,42.4,2,14.1,0,5,0,0
331,34,1.1,Engineering,High School,40.7,71986,32.8,2,63.7,2,12,0,0
332,27,3.8,HR,Master,15.6,101953,52.7,2,3.8,1,12,1,1
333,35,0.5,Sales,Master,29.7,90732,55.6,0,25.4,1,5,1,0
334,29,3.0,Sales,Bachelor,64.3,91388,45.7,0,19.1,1,3,1,0
335,42,7.1,Marketing,Master,14.2,107490,42.5,1,22.8,1,5,2,0
336,33,2.1,HR,High School,16.7,61491,40.4,1,8.7,1,3,3,0
337,28,5.5,Engineering,Bachelor,13.0,86338,39.2,1,7.5,0,5,2,0
338,32,7.9,Engineering,Bachelor,17.8,101444,49.3,0,23.1,1,5,4,0
339,38,13.1,HR,High School,17.1,90385,41.9,0,4.9,1,1,3,0
340,30,1.3,HR,Bachelor,18.5,81108,52.0,0,10.9,2,3,0,0
341,28,2.5,Operations,Master,21.9,86255,42.2,0,4.2,0,5,0,1
342,36,0.8,Finance,High School,33.8,61063,39.5,1,0.2,3,12,4,0
343,36,14.0,Operations,Bachelor,46.0,109593,38.4,0,70.2,1,5,0,0
344,30,8.0,HR,Bachelor,30.1,91689,37.5,1,11.3,0,8,0,1
345,31,3.9,Engineering,Bachelor,24.1,98270,45.1,2,69.7,1,3,0,0
346,36,9.2,Engineering,Master,4.2,127332,34.2,0,3.0,1,5,3,0
347,23,1.0,Finance,Bachelor,64.9,95960,37.1,0,17.7,3,5,3,0
348,23,1.0,Marketing,Bachelor,28.1,103801,49.9,2,4.5,2,8,5,0
349,29,0.5,Engineering,Master,29.1,98837,36.3,1,31.2,0,1,4,0
350,33,7.0,Sales,High School,54.6,87371,47.2,2,30.6,0,5,2,0
351,37,0.7,Operations,Bachelor,19.0,88241,30.0,2,2.4,2,3,2,0
352,46,8.7,Marketing,Bachelor,24.9,107738,50.7,0,48.6,2,3,1,0
353,41,7.6,Sales,Bachelor,43.9,111974,34.4,1,4.3,1,15,0,0
354,33,6.2,Sales,PhD,46.4,128814,36.7,1,19.0,0,3,0,1
355,34,0.2,Engineering,Master,26.7,96071,46.1,1,80.0,0,3,0,0
356,26,1.8,Sales,Bachelor,28.2,70006,43.6,0,42.8,0,5,0,1
357,34,1.5,Sales,Master,56.9,111325,47.4,2,62.7,0,12,1,0
358,32,2.2,Engineering,High School,22.4,74821,34.3,0,8.4,1,5,1,0
359,37,0.5,Finance,High School,23.1,58957,40.3,0,2.2,0,8,5,0
360,28,6.0,Sales,Bachelor,35.3,85726,38.3,0,4.2,0,12,3,0
361,39,4.0,Finance,Bachelor,23.2,90530,35.3,0,13.9,2,3,5,1
362,47,1.8,Operations,Bachelor,23.8,86413,45.6,2,31.5,0,3,2,1
363,34,2.5,Engineering,Bachelor,36.5,96033,47.7,2,3.3,1,3,2,1
364,38,3.0,HR,Master,41.3,101569,40.0,1,21.6,0,8,1,0
365,40,4.6,Sales,Bachelor,14.1,100428,51.1,1,7.8,5,1,0,0
366,31,3.6,Operations,Bachelor,27.9,87621,37.3,0,8.3,1,3,0,0
367,36,12.6,Engineering,High School,47.7,111698,51.0,2,21.7,1,8,5,1
368,35,3.4,HR,High School,36.2,68909,45.4,1,12.6,1,5,5,0
369,35,13.0,Marketing,Bachelor,29.6,107371,34.7,1,33.4,1,5,0,1
370,28,6.0,Engineering,Bachelor,34.6,102652,53.9,2,3.4,1,5,0,0
371,35,1.2,Engineering,Master,10.8,106776,39.3,1,31.2,3,3,2,1
372,38,13.3,HR,High School,22.7,91625,49.2,0,1.3,1,5,0,0
373,46,0.6,HR,High School,15.1,66340,42.9,3,4.3,0,5,2,0
374,42,8.5,Sales,Bachelor,29.5,101456,44.2,0,21.4,2,12,0,0
375,52,2.4,Marketing,Bachelor,53.6,86058,47.4,1,38.6,0,3,2,0
376,28,6.0,Sales,High School,13.8,82152,47.1,1,5.8,1,12,1,0
377,41,10.1,HR,Master,26.4,120268,39.9,1,7.9,1,5,2,0
378,36,8.2,Engineering,High School,16.7,79252,45.2,0,15.4,1,1,0,1
379,52,7.8,Operations,Bachelor,12.9,88242,44.7,0,4.8,0,8,2,0
380,28,1.8,Engineering,Bachelor,32.7,97654,43.3,1,33.3,2,1,5,0
381,28,0.4,Sales,High School,11.6,52521,40.8,0,29.7,0,15,1,0
382,30,2.6,Engineering,Bachelor,33.8,89229,43.3,1,3.1,0,12,4,0
383,22,0.0,Engineering,Master,36.0,101844,53.8,1,12.5,2,3,4,0
384,30,5.9,Marketing,Bachelor,17.4,95451,40.2,0,29.8,3,3,5,0
385,28,2.1,Engineering,Master,27.8,96603,49.2,1,8.2,0,3,4,0
386,36,14.0,Finance,High School,67.4,102035,38.3,0,20.1,0,3,3,0
387,37,5.1,Engineering,Master,3.6,112070,36.7,0,1.0,3,3,4,0
388,50,8.6,Sales,Bachelor,22.4,93413,60.0,1,18.8,0,3,0,1
389,42,0.7,Sales,Bachelor,59.8,79097,45.2,1,3.3,0,5,2,0
390,30,8.0,Engineering,Bachelor,34.7,92475,45.4,0,35.5,1,3,5,0
391,27,5.0,Engineering,Master,40.3,103710,45.6,1,8.8,0,8,4,0
392,38,3.3,Sales,Bachelor,52.8,96882,50.4,1,6.6,1,8,5,0
393,24,2.0,Sales,High School,46.0,67169,44.4,1,36.8,1,5,4,0
394,49,7.2,Sales,High School,33.5,89311,46.9,1,1.0,3,12,4,0
395,44,1.0,Marketing,Master,39.0,106296,35.6,0,10.1,4,3,3,1
396,31,3.5,Marketing,Bachelor,14.7,82742,47.9,0,9.2,1,1,4,0
397,22,0.0,Engineering,Master,23.4,95743,40.6,0,6.7,3,5,2,0
398,45,0.8,Sales,Bachelor,53.6,83644,46.0,0,48.6,1,5,5,1
399,34,2.3,Operations,Bachelor,54.6,90180,31.7,1,27.8,1,5,4,0
400,44,0.4,Marketing,High School,29.3,69626,45.8,2,1.3,1,12,4,0
401,22,0.0,HR,PhD,26.1,104157,30.0,0,25.1,0,15,3,0
402,30,0.7,Sales,Bachelor,14.6,93916,40.3,1,15.0,2,5,1,0
403,35,13.0,Finance,Master,38.4,135218,31.8,1,46.2,1,8,0,1
404,35,4.0,Finance,Bachelor,3.7,97115,45.8,0,7.5,2,1,5,0
405,31,9.0,Marketing,Bachelor,15.3,97068,42.4,1,17.1,1,3,3,1
406,39,2.8,Operations,Bachelor,32.9,97238,37.4,2,13.9,3,8,1,0
407,26,1.9,Engineering,Bachelor,30.3,76078,50.6,0,13.4,1,5,0,0
408,33,3.5,Engineering,Master,26.6,105095,36.6,1,12.2,2,5,4,0
409,35,2.9,Finance,Master,23.9,107533,30.0,0,4.6,1,3,4,0
410,39,0.6,Finance,Master,6.7,88130,45.1,1,28.2,0,5,4,0
411,40,5.1,Engineering,Master,54.2,117238,31.4,0,12.0,0,3,3,0
412,26,1.2,Engineering,Bachelor,16.7,69164,36.8,0,63.6,0,5,2,0
413,22,0.0,Engineering,Bachelor,31.3,74982,38.9,1,6.0,0,3,1,0
414,45,5.3,Engineering,PhD,57.5,134933,33.5,1,23.0,1,1,0,0
415,37,0.8,Finance,High School,42.5,73244,39.0,2,56.5,0,3,4,0
416,29,0.3,Marketing,Master,60.3,101476,33.6,0,21.8,1,3,0,0
417,47,7.6,Sales,Master,16.4,109512,43.0,0,41.0,1,12,3,0
418,35,3.1,Sales,Bachelor,20.9,87790,34.6,1,35.1,2,1,2,0
419,44,0.3,Engineering,PhD,48.1,119696,42.2,0,8.9,2,3,2,0
420,35,13.0,Engineering,Bachelor,25.1,109920,49.0,1,18.3,0,5,5,0
421,51,0.3,Marketing,Bachelor,13.7,67910,46.7,0,3.4,1,5,0,0
422,49,5.9,Operations,High School,62.5,75894,41.5,0,15.3,1,1,4,0
423,33,11.0,Finance,Bachelor,19.2,109475,36.1,1,5.2,0,1,0,1
424,42,1.4,Engineering,Bachelor,29.9,72260,43.0,0,27.2,1,15,0,0
425,40,0.8,Operations,Bachelor,26.8,80374,37.8,0,15.0,0,8,2,0
426,45,0.6,Finance,Master,31.4,89192,43.2,0,10.6,0,3,0,0
427,27,1.8,Finance,Master,16.6,91981,31.7,1,6.3,0,5,4,0
428,40,0.5,Sales,High School,3.5,62733,46.8,1,80.0,0,3,2,0
429,43,5.9,Sales,Bachelor,34.6,104070,42.2,1,1.5,1,3,0,0
430,22,0.0,Sales,Master,34.8,99557,55.3,1,0.9,0,5,0,0
431,25,3.0,Engineering,High School,8.2,65652,49.8,0,4.9,0,12,3,0
432,22,0.0,Engineering,High School,21.6,82748,45.4,2,70.9,3,3,4,0
433,32,8.4,Engineering,High School,8.3,79094,41.3,1,77.5,2,8,2,1
434,40,4.8,Sales,Bachelor,41.7,104663,37.6,1,21.3,5,1,3,0
435,47,1.8,HR,High School,8.8,59774,47.7,1,42.4,1,3,4,0
436,35,4.9,Sales,PhD,35.3,130408,40.6,0,4.8,1,1,3,0
437,48,3.7,Engineering,Bachelor,38.2,92090,49.0,1,71.5,1,1,1,0
438,23,1.0,Operations,Bachelor,25.4,79802,44.4,0,3.1,1,12,3,0
439,22,0.0,Operations,Bachelor,60.7,87812,44.4,1,2.1,1,5,3,0
440,34,10.9,Finance,Bachelor,1.9,91285,45.6,0,2.4,0,1,3,1
441,38,3.0,Operations,Bachelor,41.9,80907,36.5,0,17.0,1,15,3,0
442,34,1.1,Marketing,Master,34.0,104982,35.9,1,30.4,1,12,5,0
443,22,0.0,Operations,Master,48.5,95820,35.7,2,9.1,0,8,0,0
444,34,2.7,Engineering,Bachelor,61.5,104600,48.3,2,76.2,2,12,5,0
445,24,2.0,Sales,Master,28.2,96736,36.3,1,11.4,1,3,2,0
446,40,6.6,Engineering,Master,23.9,113739,37.1,2,3.3,0,8,3,0
447,37,7.3,Engineering,Master,53.7,115836,45.2,0,12.5,1,8,0,1
448,27,0.1,Engineering,High School,16.9,59600,40.5,0,22.7,2,12,2,0
449,30,2.7,Marketing,High School,42.2,64362,39.7,0,35.7,1,8,4,0
450,26,3.3,Finance,Bachelor,32.6,87167,39.2,0,12.3,1,3,3,0
451,34,0.1,Marketing,Bachelor,56.7,83349,30.0,2,18.0,0,8,0,0
452,42,1.5,Engineering,Bachelor,7.1,86136,36.2,2,6.2,2,3,2,0
453,27,5.0,Finance,Bachelor,6.2,85035,49.1,1,20.8,1,3,0,0
454,39,0.7,Marketing,Master,20.8,102607,38.8,2,80.0,2,1,5,0
455,30,3.8,Sales,Master,27.8,106862,30.6,1,1.0,0,12,4,0
456,28,1.2,HR,Master,38.8,101314,36.0,0,43.5,1,3,0,0
457,34,0.1,Engineering,Bachelor,13.7,76269,44.2,1,16.5,1,5,4,0
458,26,1.4,Sales,Bachelor,4.3,85052,44.0,0,5.8,1,3,5,0
459,30,8.0,Operations,Bachelor,70.3,112030,40.2,3,62.0,1,15,2,1
460,25,3.0,Engineering,High School,20.3,79981,37.9,0,13.2,3,3,3,0
461,50,16.0,Sales,High School,46.4,108769,33.6,1,8.1,2,8,2,1
462,35,3.3,Operations,Bachelor,12.0,76413,44.2,1,4.0,0,12,3,0
463,29,0.6,HR,Bachelor,22.8,99294,47.0,4,5.6,4,5,1,0
464,36,4.0,Engineering,Master,9.0,111453,49.7,2,35.8,2,3,1,1
465,34,3.0,Engineering,High School,64.9,88451,35.3,1,19.1,2,8,2,0
466,33,9.3,Engineering,Master,18.6,125327,50.2,1,48.9,2,12,0,1
467,39,0.5,Marketing,Bachelor,7.0,66967,41.7,0,5.3,1,8,4,0
468,41,3.3,Sales,Bachelor,54.5,95330,42.2,1,2.6,3,3,1,0
469,30,0.8,Engineering,Bachelor,20.8,70602,47.4,0,0.1,0,12,2,0
470,30,2.0,Operations,Bachelor,58.5,81043,38.8,0,14.2,0,3,4,0
471,32,6.7,Marketing,Bachelor,34.3,91516,30.0,0,80.0,1,5,2,1
472,22,0.0,Engineering,Bachelor,28.7,72998,46.2,0,23.7,1,8,2,0
473,22,0.0,Marketing,High School,42.0,78754,44.1,3,7.4,1,3,5,0
474,45,2.5,HR,High School,15.7,73731,39.8,0,41.9,1,8,4,0
475,48,3.1,Engineering,Bachelor,19.5,88061,45.7,2,30.4,0,5,0,0
476,33,7.7,Engineering,Master,30.1,125061,47.0,3,0.3,1,12,2,1
477,39,11.1,Finance,Bachelor,41.7,114973,32.9,1,34.0,1,3,5,0
478,37,15.0,Sales,Master,27.9,137287,42.1,0,7.1,5,5,2,1
479,59,7.7,Marketing,Bachelor,4.4,92557,30.0,0,3.2,1,8,2,0
480,43,1.9,Sales,Master,30.9,95317,41.3,0,5.1,2,1,0,0
481,33,5.8,Engineering,Master,22.0,118123,39.8,0,12.6,2,1,0,0
482,27,2.9,Engineering,Bachelor,27.8,89477,45.0,0,11.1,2,15,3,0
483,22,0.0,Sales,Bachelor,24.8,89860,35.6,3,6.8,2,3,4,0
484,36,9.2,Engineering,Master,24.4,121910,39.5,2,3.8,1,15,5,0
485,28,0.2,Engineering,Bachelor,28.7,88654,30.0,2,28.7,2,3,4,0
486,23,1.0,Finance,Bachelor,45.7,96499,45.3,2,80.0,0,3,1,0
487,29,3.1,Operations,High School,11.6,56707,41.5,0,30.1,1,8,0,0
488,26,4.0,Finance,Master,21.3,99926,42.5,0,7.0,2,8,5,0
489,48,5.4,Operations,Master,10.9,95833,33.0,0,5.6,1,5,1,0
490,42,11.3,Engineering,High School,20.7,100248,44.4,1,4.9,3,5,1,0
491,34,5.1,Operations,Bachelor,27.9,93871,51.9,0,2.9,4,8,5,0
492,46,4.8,Engineering,Bachelor,11.7,86779,40.9,1,16.0,2,3,3,0
493,35,0.3,Operations,High School,31.5,58172,45.9,0,18.6,1,5,1,0
494,28,3.7,Operations,PhD,31.6,114959,36.8,0,24.4,0,3,4,0
495,47,0.8,HR,Bachelor,13.4,71578,41.5,1,22.8,0,5,5,0
496,39,6.7,Operations,High School,22.3,74610,32.8,0,6.9,0,3,0,0
497,26,3.6,Marketing,Bachelor,4.4,83447,46.7,0,8.0,1,3,4,0
498,33,5.7,Engineering,Master,13.7,110592,43.0,2,22.9,0,5,2,0
499,27,0.2,Sales,High School,19.4,57555,34.7,0,8.6,0,1,2,0
500,23,0.4,Marketing,Bachelor,17.5,64809,37.2,1,4.8,0,1,5,0
501,42,6.3,Engineering,Bachelor,5.9,83825,42.4,0,9.4,0,8,5,0
502,50,0.4,Marketing,High School,10.2,81008,47.5,2,6.4,4,5,1,0
503,23,0.4,Operations,High School,22.2,68249,50.9,3,1.8,0,12,1,0
504,39,0.1,Engineering,Bachelor,50.0,75466,41.2,0,35.5,0,8,0,0
505,29,7.0,Finance,Bachelor,40.1,112906,33.8,1,38.4,1,1,3,0
506,31,6.7,Operations,Master,27.1,124242,43.4,2,5.0,1,5,0,0
507,30,2.2,Operations,Master,36.2,100019,52.7,1,1.3,0,1,2,0
508,28,1.8,Operations,PhD,52.5,145596,32.3,2,26.9,5,8,0,0
509,35,2.2,Marketing,Bachelor,9.4,70123,36.3,1,4.8,1,15,2,0
510,28,6.0,Operations,PhD,54.2,132895,45.7,1,10.0,2,5,0,0
511,37,5.4,Finance,Bachelor,37.6,95705,42.9,0,1.3,3,8,4,0
512,34,1.0,Engineering,Bachelor,45.7,90528,38.7,1,5.1,2,3,1,0
513,33,1.0,Sales,High School,10.1,53964,43.3,0,31.5,0,5,1,0
514,27,0.5,HR,High School,19.8,45510,47.9,0,32.6,1,12,4,0
515,30,5.4,Engineering,Bachelor,44.2,96262,41.4,0,4.6,1,3,3,1
516,41,7.2,Marketing,Bachelor,25.5,112879,40.9,3,8.2,2,3,1,0
517,39,1.5,HR,Bachelor,23.1,86483,45.5,1,2.9,0,5,0,0
518,27,0.1,Engineering,Bachelor,52.7,83859,40.4,1,1.5,1,8,3,0
519,35,0.4,Marketing,Bachelor,23.3,73387,48.9,0,80.0,2,3,2,0
520,41,17.2,Finance,Bachelor,31.1,114793,54.2,1,21.3,2,12,4,1
521,22,0.0,Sales,Bachelor,52.5,86025,36.6,2,15.6,0,1,2,0
522,39,7.3,Engineering,Master,56.0,118029,34.5,0,29.0,0,3,1,0
523,29,4.9,Engineering,Master,13.0,111790,44.2,2,36.7,2,8,2,0
524,39,2.4,Sales,Bachelor,22.7,91265,34.3,0,32.9,1,3,3,0
525,28,1.2,Operations,Bachelor,39.4,85480,34.2,1,0.3,2,8,5,0
526,22,0.0,Engineering,Bachelor,59.7,87666,30.0,0,4.1,2,3,0,0
527,22,0.0,Marketing,Master,13.3,82836,39.7,0,21.3,2,1,2,0
528,35,7.5,Engineering,Bachelor,40.3,117113,41.8,4,9.4,0,1,0,0
529,37,5.2,Sales,Bachelor,23.9,77781,38.9,0,80.0,1,12,2,0
530,27,3.8,Finance,High School,52.1,87330,50.3,1,21.9,2,5,4,0
531,40,0.2,HR,Bachelor,14.5,80057,49.9,1,62.7,1,8,2,0
532,22,0.0,Engineering,Bachelor,53.0,95398,53.6,0,4.5,3,3,5,0
533,34,8.0,Sales,Master,39.1,120760,42.3,2,39.9,2,5,3,0
534,25,1.7,Engineering,Bachelor,21.3,92393,49.1,1,7.8,3,5,5,0
535,29,7.0,Sales,Bachelor,6.9,88696,43.9,0,80.0,0,12,4,0
536,35,4.6,HR,Master,35.0,108714,43.3,1,3.4,1,8,0,0
537,28,4.4,Engineering,Master,25.4,103667,39.2,1,14.5,1,8,1,0
538,31,6.9,Engineering,Bachelor,5.0,80272,30.0,1,31.5,0,1,2,0
539,43,8.4,Sales,Bachelor,53.9,100391,45.8,0,11.3,0,5,0,0
540,30,5.3,Operations,Bachelor,21.8,87954,48.9,0,12.6,2,5,2,0
541,41,0.7,Operations,Master,51.2,102116,32.8,2,80.0,1,12,2,0
542,25,2.1,Engineering,High School,36.4,84257,41.9,1,11.1,3,3,5,0
543,39,13.2,Finance,Master,54.5,129568,47.9,0,18.5,1,3,2,1
544,46,1.3,Sales,Bachelor,2.1,81012,39.8,1,1.1,4,5,4,0
545,22,0.0,Sales,Bachelor,30.4,81421,49.2,3,36.9,1,3,5,0
546,28,2.8,Finance,High School,65.2,80468,41.2,2,20.9,1,1,4,0
547,39,2.9,Operations,Bachelor,14.1,106020,38.8,2,10.4,3,12,1,0
548,33,4.7,Operations,Bachelor,29.9,101454,49.5,3,0.3,0,5,2,0
549,37,14.3,Marketing,High School,9.4,102657,36.4,2,17.9,1,12,1,0
550,30,1.4,Sales,Bachelor,63.6,96251,37.7,1,0.3,3,8,2,0
551,35,0.6,Finance,PhD,21.8,112746,36.6,1,0.0,0,3,2,0
552,33,1.1,Engineering,Bachelor,31.5,95895,35.1,0,19.1,4,5,4,0
553,44,10.9,Marketing,Master,26.1,111007,42.9,0,4.2,0,1,2,1
554,37,5.2,Sales,High School,42.2,90307,38.9,1,4.3,3,12,2,0
555,37,1.7,HR,Bachelor,17.1,70883,44.9,0,21.2,0,5,5,0
556,31,8.5,Engineering,High School,25.7,100989,31.6,1,1.1,2,3,0,0
557,31,9.0,Engineering,Bachelor,26.5,113514,35.3,2,7.5,1,3,2,0
558,31,9.0,Operations,Master,6.1,112941,42.3,0,3.2,1,5,4,0
559,38,12.6,Engineering,Bachelor,4.0,111279,50.8,2,17.4,1,3,0,1
560,31,1.5,Marketing,High School,33.5,79632,44.3,2,21.7,1,3,3,0
561,37,7.0,Engineering,Bachelor,4.6,88942,38.5,0,25.5,1,8,1,0
562,51,3.1,Engineering,Bachelor,22.9,81840,33.1,0,5.9,0,8,4,0
563,41,9.2,Engineering,Bachelor,12.8,114794,38.1,0,1.9,4,3,1,0
564,32,6.5,Engineering,Master,28.8,113843,41.7,2,1.6,1,5,1,0
565,44,7.5,Operations,Master,41.5,113039,30.0,1,11.1,0,12,3,0
566,31,5.3,Engineering,Bachelor,41.3,95785,34.7,0,58.3,1,1,0,0
567,22,0.0,Operations,Bachelor,32.4,82076,37.6,1,4.9,1,12,1,0
568,26,3.9,Marketing,Bachelor,31.4,82860,40.5,0,5.9,1,3,2,0
569,22,0.0,Sales,High School,44.0,71231,41.7,0,2.1,0,8,2,0
570,32,10.0,Marketing,Bachelor,32.1,93950,38.3,0,18.6,1,5,2,0
571,35,0.2,Marketing,Bachelor,18.1,93458,45.0,2,22.8,2,5,3,0
572,48,0.9,Finance,Bachelor,4.6,86240,42.7,0,20.6,3,12,3,0
573,37,0.7,Engineering,Bachelor,48.6,102983,39.8,2,39.5,1,1,3,1
574,33,6.5,Sales,High School,65.2,73277,45.9,0,13.3,0,3,1,1
575,41,8.5,Operations,Bachelor,19.3,98800,45.4,2,2.9,1,5,0,0
576,22,0.0,Operations,High School,20.6,69580,33.3,1,6.8,1,8,4,1
577,36,3.5,Operations,High School,4.1,58250,41.8,1,21.7,1,3,4,0
578,41,9.2,Sales,Master,20.6,109043,47.3,1,19.0,1,8,1,0
579,23,1.0,Finance,High School,25.1,58080,48.3,0,15.1,0,3,2,0
580,44,3.9,Sales,Bachelor,13.7,80469,44.2,0,23.0,0,3,2,0
581,37,4.5,Sales,High School,13.0,78722,40.6,1,20.3,0,8,2,0
582,31,3.6,Engineering,Master,27.2,103394,44.5,0,42.6,2,1,3,1
583,40,1.8,Marketing,Bachelor,24.6,72295,46.8,0,17.6,0,5,0,0
584,53,4.2,Engineering,Bachelor,14.1,94786,42.7,1,30.2,2,1,3,0
585,36,5.8,Sales,Bachelor,48.6,99665,43.4,0,5.7,2,3,0,0
586,36,10.3,Operations,Master,1.5,117328,40.5,0,22.7,3,5,2,0
587,31,5.1,Engineering,PhD,45.4,137832,34.0,2,46.5,1,5,4,0
588,28,6.0,Engineering,Bachelor,14.2,99071,41.0,2,9.7,4,5,2,0
589,41,0.9,Engineering,Master,24.1,91422,37.9,1,30.2,0,5,0,0
590,28,3.1,Operations,Master,33.4,104521,38.0,0,25.8,1,3,5,0
591,35,0.0,Marketing,Master,28.1,95674,50.6,1,1.2,1,5,4,0
592,31,1.4,Sales,Bachelor,20.6,79050,47.7,0,17.4,2,15,4,0
593,38,6.5,Finance,Bachelor,18.5,93497,31.8,0,2.8,0,12,2,0
594,37,15.0,Finance,Bachelor,24.6,118768,35.5,1,68.4,3,1,0,0
595,43,0.5,Sales,Master,43.8,100943,39.8,2,33.4,0,1,5,0
596,30,2.6,HR,Bachelor,34.9,82086,38.2,0,2.3,1,12,2,0
597,32,8.0,Finance,Bachelor,11.8,99274,43.9,1,2.6,2,5,4,1
598,27,1.1,HR,Bachelor,55.5,82451,34.5,0,18.1,1,5,1,0
599,31,4.0,Engineering,Master,7.7,100720,47.8,0,8.5,2,8,1,0
600,38,6.6,Operations,Master,48.4,107192,41.7,1,0.7,1,3,5,1
601,41,4.8,Marketing,High School,36.8,74224,40.0,0,15.6,1,5,2,0
602,27,1.0,Engineering,Master,8.1,87588,41.9,0,9.8,2,15,0,0
603,41,2.2,Sales,Bachelor,45.6,82427,39.5,0,2.1,0,8,1,0
604,45,7.7,Engineering,Master,37.4,130494,30.0,2,32.4,1,3,2,1
605,38,4.0,Engineering,Bachelor,34.0,90502,42.1,0,49.3,2,1,0,1
606,50,0.0,Finance,Bachelor,14.7,65143,40.1,0,28.3,0,3,2,0
607,28,6.0,Engineering,Master,26.7,108711,36.3,1,34.6,0,8,2,0
608,25,0.2,Sales,Bachelor,16.0,74498,48.6,1,4.9,1,3,4,0
609,22,0.0,Marketing,Master,30.5,98073,46.0,1,6.1,1,1,2,0
610,46,1.1,Engineering,Bachelor,10.4,91166,56.6,0,4.7,6,12,5,0
611,40,15.9,Operations,Bachelor,58.6,129909,47.0,1,29.0,0,3,0,1
612,34,2.3,Engineering,Bachelor,28.3,86205,38.1,0,59.1,0,1,3,0
613,37,2.0,Sales,Bachelor,21.3,86453,36.6,1,25.2,2,3,0,0
614,25,0.8,Sales,Bachelor,35.6,88712,39.0,0,42.7,3,3,3,0
615,54,1.8,Engineering,High School,57.3,74061,38.0,0,20.4,2,5,5,0
616,36,10.5,Engineering,Bachelor,16.4,106608,42.7,1,9.8,1,12,4,0
617,35,13.0,HR,High School,41.4,93968,32.8,1,11.1,0,12,3,0
618,40,2.3,Operations,PhD,29.3,124440,45.9,0,1.6,3,5,2,0
619,38,3.0,Engineering,PhD,24.2,126447,42.5,0,0.6,1,5,4,0
620,36,6.4,HR,Bachelor,2.7,90540,45.2,1,23.8,0,5,5,0
621,28,6.0,HR,Master,33.1,109223,35.1,0,11.5,1,3,5,1
622,38,4.5,Finance,Bachelor,40.3,91907,43.5,0,16.1,0,1,2,0
623,50,2.5,Sales,Bachelor,49.0,93771,49.8,1,16.3,1,12,5,0
624,45,2.7,Sales,Master,41.0,105149,36.8,1,6.5,3,3,0,0
625,47,5.9,Sales,Master,23.2,113006,36.7,0,12.9,1,3,1,0
626,30,0.0,HR,Bachelor,13.8,87825,46.3,1,12.7,2,5,0,0
627,27,4.8,Finance,Master,3.1,115540,36.2,3,9.8,2,5,1,0
628,33,2.2,Engineering,Bachelor,42.1,89063,40.6,1,34.4,1,1,4,0
629,35,7.9,Sales,PhD,33.2,141470,50.9,2,12.0,0,1,4,1
630,43,0.5,Operations,High School,26.1,62202,36.8,0,18.5,1,3,4,0
631,22,0.0,Finance,Bachelor,13.6,75709,51.3,0,45.2,2,8,3,0
632,47,3.3,Operations,Bachelor,5.9,76118,40.0,1,40.2,1,3,2,0
633,33,5.1,Finance,Bachelor,60.1,94408,35.3,0,44.2,0,5,3,0
634,31,0.3,Sales,High School,54.3,66446,45.6,0,6.3,0,5,2,0
635,26,4.0,Marketing,Master,63.0,115225,42.6,1,0.7,1,12,4,0
636,22,0.0,HR,High School,58.4,71434,42.1,1,6.1,1,3,3,0
637,41,4.1,Engineering,Bachelor,26.2,99173,37.4,2,6.5,2,1,3,0
638,35,4.6,Marketing,Bachelor,13.7,93277,42.6,1,48.0,1,5,2,0
639,24,2.0,HR,Bachelor,21.2,74570,30.0,0,21.0,0,8,4,0
640,24,2.0,Engineering,Bachelor,14.4,82551,43.3,1,1.7,1,1,1,0
641,32,1.6,Finance,Bachelor,16.5,74326,49.8,0,2.9,0,5,2,0
642,48,8.7,Marketing,High School,35.1,71075,31.4,0,3.4,0,1,4,0
643,32,3.4,Operations,High School,12.4,63183,39.6,0,19.9,1,1,2,0
644,22,0.0,Engineering,Bachelor,30.0,83444,36.8,1,26.6,0,5,4,1
645,33,0.3,Engineering,Master,8.8,101216,32.9,2,39.3,1,3,1,0
646,32,2.0,Marketing,Master,28.1,105315,30.0,0,56.5,2,8,2,0
647,22,0.0,Engineering,High School,26.3,71940,34.9,1,4.5,3,5,4,0
648,34,6.1,HR,Bachelor,57.2,103244,40.5,0,7.4,3,5,2,0
649,33,7.8,Finance,High School,9.8,78347,48.9,0,5.5,0,5,2,1
650,40,3.6,Engineering,High School,18.1,94436,32.9,2,8.9,2,5,1,0
651,49,2.9,Marketing,Bachelor,19.2,86813,43.8,0,49.2,3,1,1,0
652,44,0.8,Marketing,Bachelor,43.8,87530,43.3,2,17.1,2,12,3,0
653,32,2.0,Sales,High School,27.7,74743,52.0,1,26.8,1,15,0,0
654,26,2.8,Operations,Bachelor,36.0,96645,45.4,1,13.5,1,3,4,0
655,55,0.5,Finance,High School,29.8,58511,45.8,0,0.6,0,1,4,0
656,35,1.2,HR,Master,11.0,100527,46.2,1,1.3,2,1,0,0
657,35,4.6,HR,PhD,15.2,125579,36.5,1,15.4,0,8,3,0
658,34,6.7,Sales,High School,39.0,94523,38.6,2,25.4,1,8,3,0
659,36,14.0,Operations,Bachelor,33.1,115249,48.7,1,4.8,1,8,0,1
660,33,11.0,HR,Master,20.1,119025,30.0,1,25.6,2,8,1,1
661,30,5.1,HR,Master,4.9,98433,37.9,1,33.3,0,5,2,1
662,30,2.7,Operations,Bachelor,12.3,85595,34.0,0,10.6,3,5,3,0
663,34,5.1,Engineering,High School,33.5,80878,43.4,0,27.4,1,8,3,0
664,30,7.7,Finance,High School,14.0,76716,39.5,0,10.4,0,5,2,0
665,29,0.6,Engineering,Bachelor,57.9,90256,45.8,2,22.7,0,5,4,0
666,35,2.6,Sales,Bachelor,74.2,94209,41.3,0,28.9,1,5,4,0
667,32,9.2,Sales,High School,23.0,100789,32.7,1,80.0,4,5,3,0
668,47,2.4,Operations,Bachelor,41.5,94259,33.0,2,8.5,1,5,4,0
669,22,0.0,Operations,High School,33.3,52469,42.0,0,10.6,0,5,1,0
670,43,4.4,HR,Master,42.7,101700,37.4,0,3.6,1,8,4,1
671,44,1.0,HR,Bachelor,66.1,99506,38.8,1,4.6,3,5,3,0
672,22,0.0,Marketing,High School,29.3,57946,47.6,1,23.6,1,5,4,0
673,32,2.0,Operations,Bachelor,1.3,72891,46.6,2,49.8,1,8,2,0
674,32,0.1,Sales,Bachelor,33.7,89614,52.8,1,10.0,1,5,1,0
675,23,0.1,Sales,PhD,51.7,120203,40.1,1,4.0,0,3,2,1
676,28,6.0,Engineering,Bachelor,5.7,91178,38.2,0,6.7,1,1,2,0
677,26,1.6,Finance,Bachelor,60.7,91740,44.5,2,12.1,1,5,3,0
678,49,3.6,HR,Master,64.4,113683,38.6,1,6.9,1,5,2,0
679,42,1.8,Sales,Bachelor,44.0,81616,38.8,0,5.3,0,15,4,0
680,45,14.1,Engineering,Master,7.9,118970,40.8,0,26.6,2,3,3,0
681,40,1.5,Finance,Bachelor,26.4,84155,51.9,0,0.2,0,3,3,0
682,25,2.8,Engineering,Bachelor,14.5,82713,46.2,0,15.5,1,3,1,0
683,30,8.0,HR,High School,34.5,77912,46.9,0,31.6,1,1,5,0
684,38,9.2,Operations,Bachelor,12.1,91580,51.6,0,6.2,1,8,4,0
685,25,1.0,Sales,Master,51.8,87853,47.4,0,18.5,1,3,4,0
686,40,8.1,Engineering,Master,22.9,128831,35.2,1,22.1,4,5,1,1
687,33,3.1,HR,Bachelor,21.2,83199,47.3,1,21.3,0,8,2,0
688,32,3.3,Finance,Bachelor,19.6,84200,48.1,1,11.8,0,5,0,0
689,40,0.7,Marketing,Master,18.2,105830,45.9,2,8.5,1,12,2,0
690,38,0.4,Operations,Master,25.2,79176,40.8,0,36.1,0,5,0,0
691,32,6.5,Engineering,High School,4.1,71100,45.3,0,28.4,1,3,3,0
692,44,3.4,Marketing,Bachelor,35.8,82482,41.9,1,7.8,0,12,3,1
693,26,2.9,HR,Bachelor,15.6,78893,36.1,1,2.2,0,12,2,0
694,39,6.5,Operations,Master,42.4,118152,37.6,2,1.5,1,3,2,0
695,39,7.3,Engineering,High School,44.7,94216,46.2,1,2.0,2,1,4,0
696,32,0.9,Finance,Bachelor,44.5,87327,36.6,2,17.5,0,1,0,0
697,37,4.7,Marketing,Master,35.0,103381,37.1,1,1.1,1,3,4,0
698,24,0.7,Sales,High School,31.6,76567,46.5,1,8.2,1,15,0,0
699,42,7.0,Engineering,Bachelor,49.8,108408,42.8,0,28.0,0,5,0,1
700,33,5.3,Operations,Bachelor,35.3,97150,45.5,1,7.0,2,3,0,0
701,30,8.0,Engineering,Bachelor,34.9,103186,34.6,1,28.8,2,12,4,1
702,43,0.4,Sales,Bachelor,39.8,92237,45.3,0,27.4,3,5,2,0
703,29,0.3,Engineering,Bachelor,59.2,79349,38.0,1,5.6,0,3,4,1
704,23,1.0,Operations,High School,65.4,77897,35.9,1,26.1,3,12,2,1
705,22,0.0,HR,Bachelor,6.8,65878,39.0,0,27.5,1,8,0,0
706,39,1.4,Finance,Master,44.7,97691,50.2,1,10.1,1,8,3,0
707,24,2.0,Engineering,Master,11.6,98917,39.8,0,4.7,3,5,0,0
708,49,1.4,Marketing,High School,28.1,55896,55.2,0,14.7,0,8,4,0
709,22,0.0,Marketing,High School,12.0,66454,30.0,2,50.9,1,3,0,0
710,48,7.1,Finance,Bachelor,19.9,92921,32.7,0,20.4,1,5,1,0
711,36,3.0,Operations,Bachelor,7.0,81769,49.9,1,3.8,2,15,4,0
712,34,7.5,Engineering,Bachelor,45.5,105991,51.5,1,23.0,2,3,5,1
713,30,0.3,HR,Bachelor,38.0,81283,36.8,0,11.1,3,8,2,0
714,38,3.3,Engineering,High School,66.2,87642,42.4,1,17.9,1,5,4,0
715,34,0.2,Marketing,High School,44.1,64498,46.3,1,26.5,0,1,0,0
716,43,0.3,Engineering,Bachelor,6.9,78322,40.6,0,14.5,1,8,4,1
717,35,11.8,Sales,Bachelor,51.0,123735,42.9,1,33.6,3,3,3,0
718,36,0.7,Sales,High School,14.9,70718,42.1,1,25.6,2,5,0,0
719,32,3.8,Marketing,Bachelor,31.5,93735,33.1,1,19.1,0,1,1,0
720,34,2.6,Sales,Bachelor,10.4,76099,39.9,0,3.3,2,12,0,0
721,37,2.1,HR,Master,59.3,113826,42.1,2,36.2,3,3,2,0
722,22,0.0,Sales,Master,14.9,101802,42.6,1,54.9,1,3,1,0
723,24,0.1,Engineering,Bachelor,17.3,74448,31.6,0,2.9,1,1,3,0
724,40,5.5,Finance,Bachelor,54.0,84344,46.5,0,13.4,2,12,5,0
725,36,14.0,Engineering,Bachelor,20.6,116112,42.8,0,6.0,3,8,0,0
726,33,4.1,Sales,Bachelor,55.5,95040,35.7,0,28.1,2,8,2,1
727,35,13.0,HR,Bachelor,26.5,100708,52.8,1,25.6,2,5,3,1
728,37,0.3,Sales,Master,20.8,101491,39.9,1,3.0,1,5,5,1
729,30,2.7,Engineering,Bachelor,5.4,73288,40.3,0,41.9,0,1,2,0
730,28,1.5,Sales,Master,44.5,101313,45.9,1,4.0,0,5,2,1
731,36,6.6,Operations,Bachelor,61.8,100644,53.3,1,31.9,1,3,2,0
732,27,5.0,Marketing,High School,30.8,69217,46.1,0,12.2,2,15,1,0
733,38,1.5,HR,Master,62.0,93756,47.0,0,8.0,1,8,0,0
734,22,0.0,Marketing,Bachelor,15.9,69506,36.0,1,3.4,0,5,2,0
735,43,1.1,Engineering,Bachelor,36.5,103480,42.5,2,3.7,3,3,0,0
736,38,4.2,Sales,Bachelor,19.8,99630,38.8,2,21.7,3,8,3,0
737,37,3.1,Finance,High School,56.6,78505,46.2,0,16.0,3,1,1,1
738,42,17.9,Engineering,PhD,21.3,151277,46.8,0,2.6,1,3,2,0
739,48,4.7,Engineering,High School,31.8,81058,51.8,0,2.4,1,3,0,0
740,43,2.2,Engineering,PhD,45.4,125779,30.0,0,1.5,0,5,5,0
741,22,0.0,Sales,PhD,54.5,131829,38.2,2,27.2,1,8,4,0
742,24,0.8,Operations,Master,61.0,106705,49.8,2,24.9,0,3,0,1
743,30,1.3,Engineering,Bachelor,5.4,77721,33.6,0,1.2,1,1,1,0
744,35,1.4,Marketing,Bachelor,45.9,91708,46.8,2,16.4,3,5,3,1
745,39,9.5,Engineering,Master,28.0,118130,48.8,0,1.8,2,8,0,0
746,29,4.1,Operations,Bachelor,30.7,84023,41.8,0,46.8,2,3,2,0
747,36,3.7,Engineering,Bachelor,32.6,75660,33.5,0,47.5,0,3,1,0
748,28,0.6,Sales,Bachelor,10.7,80953,41.3,1,24.0,0,12,5,0
749,30,8.0,HR,Bachelor,37.7,92062,50.8,0,52.1,1,15,4,0
750,23,1.0,HR,Bachelor,16.4,86760,51.2,2,33.4,0,15,3,0
751,27,0.4,Sales,Bachelor,9.3,82150,43.2,1,35.3,1,8,2,0
752,24,2.0,Sales,Bachelor,42.9,91367,36.1,1,16.9,1,3,5,0
753,27,3.9,Sales,Master,43.9,106650,52.4,0,7.3,1,3,5,0
754,43,0.4,Engineering,Bachelor,49.1,89803,46.9,2,4.9,1,3,5,0
755,27,3.1,Engineering,Master,23.4,116627,36.5,1,7.9,2,3,0,0
756,56,3.3,Sales,Bachelor,58.7,101250,44.1,1,19.8,3,15,0,0
757,38,0.9,Engineering,Master,27.4,101246,43.8,1,3.8,1,8,3,0
758,36,14.0,Engineering,Bachelor,53.4,116430,38.2,1,6.0,0,8,2,0
759,28,6.0,HR,Master,49.8,119299,44.1,2,12.6,3,3,0,1
760,40,5.5,Operations,High School,19.6,78135,48.6,1,5.3,1,12,0,0
761,30,3.1,Marketing,Master,20.7,103982,40.2,2,17.8,0,8,4,0
762,35,2.7,Engineering,High School,30.9,67871,49.2,1,51.3,0,3,4,0
763,55,5.3,Engineering,Master,64.6,115895,31.5,2,27.6,1,12,2,0
764,34,3.9,Operations,PhD,22.0,118908,55.3,1,22.0,2,3,4,0
765,44,0.3,Engineering,Bachelor,32.8,82350,42.3,0,17.5,0,1,3,1
766,29,3.6,Engineering,Bachelor,33.3,95565,48.4,1,13.4,3,8,4,1
767,34,8.2,Marketing,Master,21.4,112116,43.3,1,4.1,1,8,2,1
768,49,3.1,Marketing,Bachelor,57.3,101395,37.1,0,45.0,3,1,0,0
769,29,0.3,Marketing,Master,20.5,88160,41.8,1,5.7,1,3,2,1
770,49,7.7,Engineering,High School,34.1,81481,30.5,1,1.9,0,15,2,0
771,40,1.1,Engineering,High School,37.0,66359,46.1,0,27.7,2,8,3,0
772,30,1.5,Operations,PhD,44.6,120745,43.2,0,3.9,0,8,0,0
773,40,0.9,Engineering,Bachelor,33.0,90813,40.9,0,9.3,1,3,5,0
774,42,2.0,HR,Master,17.0,97161,46.5,1,0.6,0,1,1,0
775,39,7.1,HR,Bachelor,56.3,107855,42.2,2,2.9,0,3,0,0
776,22,0.0,Marketing,Bachelor,1.0,74302,45.6,1,3.8,2,3,2,0
777,29,1.1,Sales,Bachelor,25.0,87597,47.8,0,1.1,1,3,2,0
778,33,10.5,Engineering,Bachelor,28.2,115257,38.7,2,21.4,1,3,2,0
779,34,10.6,Marketing,Bachelor,40.3,118777,37.0,1,36.3,3,5,4,0
780,39,10.2,Operations,Bachelor,19.5,96938,31.7,0,9.3,1,3,2,0
781,36,1.4,Operations,Bachelor,39.9,88057,42.7,2,41.5,1,8,3,0
782,24,2.0,Engineering,Bachelor,32.1,93735,44.7,1,4.8,0,3,3,1
783,38,16.0,Engineering,Master,39.9,140687,34.1,0,7.9,2,5,0,0
784,39,7.4,Operations,Bachelor,44.9,118714,50.5,2,3.3,3,1,3,0
785,39,0.1,HR,Bachelor,37.9,77193,37.1,0,19.4,1,5,4,0
786,43,0.3,Operations,Bachelor,46.5,82902,30.0,0,10.9,4,1,0,0
787,41,3.1,Engineering,Bachelor,34.5,85786,51.0,1,19.0,0,15,2,0
788,38,12.0,Marketing,Master,16.5,129797,30.2,3,28.7,0,8,5,1
789,34,3.9,HR,Bachelor,13.7,82271,47.8,1,15.8,1,5,2,0
790,22,0.0,HR,High School,36.7,54806,46.3,0,19.8,1,1,2,0
791,38,0.6,Sales,High School,14.7,71333,43.9,0,54.7,3,5,5,0
792,36,5.3,Engineering,Bachelor,4.0,80434,38.9,0,7.1,0,8,0,1
793,37,8.6,Marketing,Master,59.7,126208,45.0,1,8.9,2,3,0,0
794,24,2.0,Engineering,High School,64.3,73339,48.3,0,25.3,0,5,4,0
795,26,4.0,Sales,Master,14.5,96965,36.1,1,18.9,0,8,4,0
796,43,16.7,Operations,Bachelor,21.5,132277,47.9,1,3.9,3,8,2,0
797,34,1.1,Sales,Bachelor,16.8,73625,47.6,0,9.4,2,8,2,0
798,40,3.7,Finance,Master,35.9,117742,43.8,1,12.6,4,12,4,0
799,35,1.7,Engineering,Bachelor,16.1,88685,38.8,1,10.9,2,12,3,0
800,35,7.9,HR,Bachelor,19.8,91369,47.6,0,3.9,1,5,1,0
801,42,4.3,Operations,High School,42.3,68749,45.0,0,51.7,2,5,0,0
802,30,5.0,Engineering,High School,10.2,78971,35.9,0,28.7,2,8,2,1
803,35,8.0,Engineering,Bachelor,30.4,104785,39.8,0,13.1,2,8,4,0
804,31,2.5,Sales,High School,9.3,64787,46.9,1,22.8,1,15,4,0
805,31,9.0,Engineering,Bachelor,13.8,100790,42.7,0,45.5,1,1,5,0
806,32,3.8,HR,Bachelor,8.1,84010,48.5,0,2.9,2,3,4,0
807,36,0.9,Operations,Bachelor,26.4,89020,40.0,4,5.8,1,3,3,0
808,31,6.0,Sales,High School,30.0,80610,36.0,0,15.6,4,3,2,0
809,45,7.9,Engineering,Bachelor,2.8,105954,55.2,1,32.1,2,3,4,1
810,27,1.9,Sales,Bachelor,25.0,89316,31.9,1,0.7,2,8,3,0
811,33,9.7,HR,PhD,7.9,136085,39.0,2,80.0,1,1,2,1
812,31,9.0,Engineering,High School,65.4,93285,43.7,1,12.1,1,8,0,1
813,46,1.6,Marketing,Master,45.1,94495,47.9,0,8.9,1,8,5,0
814,36,14.0,Marketing,Bachelor,33.2,108417,45.9,0,6.9,1,3,2,1
815,43,0.8,Marketing,Bachelor,46.0,81870,55.9,0,3.8,3,3,2,1
816,23,1.0,Engineering,Bachelor,22.1,67218,41.3,0,31.4,0,5,3,0
817,37,1.0,HR,High School,42.0,77640,36.8,1,62.2,2,8,3,0
818,42,11.2,Engineering,High School,14.2,94752,40.7,1,10.7,0,12,1,0
819,35,5.3,Engineering,Bachelor,25.6,81035,40.1,0,60.9,0,12,4,0
820,43,0.8,Operations,Bachelor,12.8,90295,41.6,4,34.7,0,15,1,0
821,30,2.9,HR,Master,75.3,97812,36.1,0,13.1,0,5,0,0
822,46,4.8,Engineering,Bachelor,3.8,104398,46.7,3,22.4,3,12,2,0
823,53,0.4,Engineering,High School,8.4,69042,44.2,1,11.4,3,8,3,1
824,32,10.0,Engineering,Master,14.7,125806,34.4,2,16.4,2,12,5,0
825,31,8.1,Engineering,Bachelor,52.2,118806,47.8,0,1.2,3,1,4,1
826,46,3.5,Engineering,Bachelor,24.1,83407,37.1,0,23.8,1,15,5,0
827,47,17.1,Engineering,Bachelor,16.3,113909,34.9,0,1.1,1,5,0,0
828,30,2.7,Sales,Master,39.4,98821,42.5,0,34.0,2,8,0,0
829,31,9.0,HR,Master,73.1,130346,31.5,1,34.9,1,1,3,1
830,32,5.5,Marketing,Bachelor,19.8,75479,45.5,0,5.4,0,3,1,0
831,24,2.0,HR,Bachelor,42.4,77672,30.0,0,7.8,1,3,4,0
832,27,0.9,Engineering,Master,45.3,110565,35.8,1,13.1,1,3,3,0
833,26,4.0,Operations,Bachelor,16.1,79447,51.5,0,18.2,0,1,5,0
834,28,2.8,Finance,High School,8.4,68611,37.9,0,6.8,2,8,1,0
835,34,0.9,Finance,Bachelor,17.3,93337,38.9,0,18.0,3,1,2,0
836,36,0.1,Finance,Bachelor,34.9,87367,49.6,1,7.1,2,3,2,1
837,47,4.1,Operations,Bachelor,26.9,97101,37.2,1,1.1,5,3,1,0
838,27,3.7,Marketing,Bachelor,21.9,87340,46.6,0,0.1,3,5,3,1
839,42,6.4,Engineering,Bachelor,13.8,92974,49.0,1,2.1,2,3,2,1
840,33,11.0,Marketing,High School,14.7,107710,44.9,1,31.4,5,3,2,1
841,34,0.4,HR,Master,34.1,98728,33.3,1,65.1,1,5,2,0
842,40,6.6,HR,Bachelor,22.7,99590,38.4,1,11.1,1,8,0,1
843,26,1.0,Marketing,Bachelor,24.8,79621,58.3,0,14.4,0,1,2,0
844,38,9.8,Engineering,Bachelor,1.1,99569,39.1,1,3.2,1,3,1,0
845,36,8.5,Sales,Bachelor,18.0,98238,59.9,1,16.0,2,3,0,0
846,38,3.9,Operations,High School,51.8,69839,52.3,0,3.1,0,15,1,1
847,37,6.2,Marketing,High School,49.4,85998,45.1,1,18.9,3,3,1,0
848,54,1.9,Marketing,Master,46.8,101899,43.8,0,54.1,2,5,2,0
849,29,3.2,Engineering,Master,44.5,106514,39.2,0,4.4,0,3,0,0
850,30,8.0,Sales,Bachelor,27.9,109744,41.5,3,28.9,1,5,2,0
851,30,3.1,Operations,High School,46.0,77630,37.9,2,0.5,0,1,3,0
852,30,2.2,HR,Bachelor,16.8,87419,41.6,1,9.4,3,1,3,0
853,29,3.4,Finance,Master,49.0,108340,33.8,0,2.3,1,5,4,0
854,44,8.8,Sales,Master,19.1,110493,33.5,0,8.7,2,3,2,1
855,46,2.0,Marketing,High School,42.8,53688,49.8,0,3.8,0,1,2,0
856,30,1.0,Engineering,High School,38.4,77424,32.3,1,9.3,2,8,4,1
857,28,6.0,HR,Master,24.7,113879,47.3,0,10.8,3,15,2,0
858,38,8.7,Sales,Bachelor,2.8,97640,30.6,0,7.2,2,3,3,0
859,30,0.5,Sales,Bachelor,57.0,81530,45.8,1,21.4,0,5,2,0
860,40,1.4,Marketing,High School,36.3,61011,40.8,1,50.2,0,15,2,0
861,36,0.8,Operations,Bachelor,27.2,77826,49.9,0,10.2,1,8,4,0
862,22,0.0,Engineering,Master,32.1,97119,40.0,0,4.3,2,5,0,0
863,47,3.0,Finance,PhD,6.8,116221,30.0,1,6.3,0,8,1,0
864,49,6.9,Engineering,Bachelor,14.5,101286,40.9,0,38.5,1,1,1,0
865,30,5.3,Sales,Bachelor,48.9,99211,43.0,1,17.0,3,5,2,0
866,31,4.9,Engineering,High School,57.1,86416,41.2,0,12.1,0,3,1,0
867,37,2.2,Sales,Bachelor,12.2,83031,45.5,1,3.2,1,3,3,0
868,37,9.2,Marketing,Bachelor,32.0,97241,38.6,1,11.9,2,5,4,0
869,40,3.2,Engineering,Bachelor,28.6,94799,34.4,2,6.5,1,1,4,0
870,51,19.3,Sales,Bachelor,42.5,134659,36.0,0,57.4,2,8,2,0
871,33,5.0,Operations,Bachelor,21.1,82964,38.9,0,43.1,1,5,5,0
872,28,0.7,Engineering,High School,41.2,56545,38.9,0,1.8,0,5,3,0
873,23,1.0,Finance,Bachelor,44.9,88660,56.4,2,14.5,0,1,2,0
874,29,2.0,Sales,High School,26.8,63987,49.5,0,5.1,2,1,4,0
875,34,5.8,HR,High School,41.8,75304,46.1,0,10.6,0,5,3,0
876,49,0.4,Engineering,PhD,15.0,111771,44.7,0,41.9,0,15,3,0
877,30,1.0,Engineering,Bachelor,47.2,75558,43.8,0,15.0,0,1,0,0
878,36,9.7,Engineering,Bachelor,8.9,104448,43.8,2,8.1,1,3,2,1
879,34,1.3,Engineering,Master,46.8,100361,43.0,0,4.7,0,12,4,0
880,44,9.1,Engineering,PhD,46.9,140761,42.2,0,32.2,3,1,2,0
881,55,1.6,HR,Bachelor,34.8,78651,30.0,1,19.6,1,12,3,0
882,30,5.1,Operations,Master,26.4,102259,39.8,2,12.6,0,5,3,1
883,31,5.9,Finance,Bachelor,18.4,93246,40.6,1,4.9,0,5,4,0
884,43,3.6,HR,Bachelor,41.1,94743,37.5,1,8.1,2,3,1,0
885,40,1.8,Engineering,Bachelor,6.0,77325,38.7,0,64.3,2,3,3,0
886,49,1.2,Engineering,Bachelor,18.2,89646,43.8,1,14.7,3,3,0,0
887,39,0.2,Sales,Bachelor,37.5,82548,46.6,0,10.2,0,12,3,1
888,32,1.8,Engineering,Bachelor,19.1,72485,43.8,0,14.7,0,8,3,0
889,39,5.3,Marketing,High School,21.2,70720,46.5,0,30.2,4,8,0,0
890,43,13.9,Marketing,Bachelor,29.4,117974,46.6,0,8.3,3,8,3,0
891,41,10.2,Sales,High School,27.7,82616,40.2,0,3.9,0,3,2,0
892,39,7.3,Sales,Bachelor,8.6,89325,45.2,0,17.6,2,5,0,0
893,43,7.8,Finance,Bachelor,23.4,104350,31.5,0,21.9,3,5,2,0
894,44,5.5,Finance,Master,33.2,115504,39.7,1,24.9,1,8,0,0
895,46,1.5,Sales,Master,43.1,86346,39.0,0,42.7,1,3,2,0
896,40,11.9,Operations,Master,54.1,133263,51.2,2,9.3,2,5,2,0
897,33,5.6,Operations,Bachelor,36.2,103723,44.0,0,1.6,2,12,3,0
898,36,4.1,Sales,Master,3.1,100802,34.0,1,63.6,0,5,4,0
899,44,0.6,Sales,Bachelor,68.1,95471,45.6,2,11.4,0,1,3,0
900,28,3.0,Marketing,High School,37.6,81788,47.5,2,19.5,0,5,0,0
901,37,3.1,Operations,High School,21.2,78036,41.5,2,22.0,2,3,5,0
902,31,9.0,Operations,Bachelor,23.8,104251,46.1,1,15.8,1,8,3,0
903,35,4.0,Engineering,Bachelor,34.6,94391,30.0,1,4.6,0,15,0,1
904,45,2.4,Sales,Bachelor,13.7,81409,30.0,0,28.1,1,5,4,0
905,36,14.0,Marketing,Master,12.2,127822,34.9,1,32.6,2,5,1,1
906,35,0.6,Marketing,High School,26.0,58528,42.9,0,16.1,0,8,3,0
907,24,2.0,Engineering,High School,68.5,78764,51.2,0,13.4,3,1,2,0
908,40,0.2,Operations,PhD,40.4,117673,35.2,0,2.4,3,3,2,0
909,40,6.7,HR,High School,12.6,75508,36.9,0,1.8,4,12,4,0
910,52,12.5,Finance,Bachelor,1.4,105594,42.5,2,8.3,0,8,2,0
911,32,1.6,Operations,Bachelor,11.7,75036,39.0,1,7.4,0,1,0,0
912,36,9.8,HR,Bachelor,33.3,97366,38.7,0,61.4,2,3,5,1
913,36,1.7,Sales,High School,20.8,63946,39.5,0,30.6,2,8,5,0
914,47,12.1,Marketing,High School,45.9,99576,49.9,2,21.6,0,8,3,0
915,34,7.0,Engineering,High School,14.1,79369,48.7,0,14.6,1,8,2,1
916,37,8.2,HR,Bachelor,25.4,98256,42.1,0,3.7,1,3,0,0
917,39,0.1,Engineering,Bachelor,50.7,91043,51.9,1,76.8,3,12,4,1
918,36,14.0,HR,Bachelor,13.8,112429,45.1,0,9.4,1,5,0,0
919,31,6.5,Engineering,Bachelor,18.0,101500,48.9,1,2.3,1,8,0,0
920,36,1.8,Engineering,Master,24.6,111992,36.8,2,13.6,2,5,2,0
921,43,8.8,Engineering,High School,31.7,93205,38.1,2,41.4,0,1,0,1
922,26,1.7,Engineering,Bachelor,26.3,85998,38.0,0,43.7,2,15,0,0
923,36,10.3,HR,Bachelor,6.2,105951,41.5,1,0.2,1,1,2,0
924,29,0.6,HR,Bachelor,13.4,78297,42.4,0,43.5,1,3,0,0
925,44,6.1,Marketing,Bachelor,22.0,103275,43.9,1,6.3,2,8,0,0
926,22,0.0,Engineering,Bachelor,20.7,86339,53.8,2,0.8,1,5,0,0
927,30,0.5,Engineering,Master,48.8,100806,46.3,0,37.6,1,8,1,0
928,38,1.4,Engineering,Master,57.6,115696,38.9,2,39.9,0,5,3,0
929,47,0.1,Engineering,Bachelor,51.0,76234,42.0,0,18.1,0,3,4,0
930,34,3.2,Operations,Master,12.3,91777,51.0,0,17.1,1,12,2,0
931,30,1.8,Engineering,Bachelor,53.4,103242,46.7,2,33.5,3,1,2,0
932,50,4.6,Sales,Bachelor,30.0,93900,51.0,1,30.9,0,12,0,0
933,23,1.0,Engineering,Bachelor,20.3,96136,39.1,2,44.2,2,3,0,0
934,22,0.0,Engineering,High School,26.1,69066,37.7,1,16.1,2,8,1,0
935,38,6.8,Marketing,Master,34.9,121432,37.8,3,68.6,3,1,2,0
936,30,0.2,Marketing,Bachelor,54.5,84743,39.6,0,80.0,2,5,3,0
937,26,4.0,Engineering,Bachelor,41.1,90619,35.6,1,2.5,1,12,3,0
938,40,9.6,Engineering,Master,2.7,115986,43.8,3,37.9,0,5,2,1
939,36,5.5,Sales,High School,58.5,89148,43.9,3,13.9,1,8,0,0
940,30,4.5,Engineering,Bachelor,4.8,88839,50.0,0,9.8,2,8,4,0
941,24,2.0,Engineering,High School,36.2,73045,31.4,0,19.0,0,8,2,0
942,41,1.0,Operations,Master,44.5,108647,36.3,1,1.2,4,12,3,0
943,40,0.4,Marketing,Master,41.6,102402,46.8,1,14.1,2,5,2,1
944,34,1.4,Marketing,Bachelor,8.8,83105,43.1,0,40.9,2,3,3,0
945,49,7.9,Sales,Bachelor,47.2,112492,42.3,3,4.8,3,1,5,0
946,26,0.2,Sales,Bachelor,33.7,79778,49.6,0,11.1,1,3,5,0
947,22,0.0,Marketing,Master,19.5,103833,35.9,2,56.1,3,1,2,0
948,29,7.0,HR,Bachelor,15.1,88347,37.6,0,11.2,0,5,2,0
949,34,9.7,HR,Bachelor,34.0,108589,36.9,0,8.9,5,3,1,0
950,36,3.7,Engineering,Master,35.9,99297,30.0,0,11.6,1,1,5,0
951,33,0.3,Marketing,Bachelor,8.5,80227,42.8,1,14.7,2,1,2,0
952,37,8.9,Sales,High School,37.0,89896,38.9,0,20.0,0,8,0,0
953,24,2.0,Operations,Bachelor,44.8,83263,37.6,0,32.3,0,5,2,0
954,46,0.6,Marketing,PhD,7.7,109521,36.5,1,12.0,1,3,0,0
955,34,0.5,Marketing,Bachelor,41.7,73863,41.9,1,34.0,0,12,2,0
956,43,12.0,Engineering,High School,46.4,87920,37.2,0,15.3,1,1,3,1
957,37,5.5,Marketing,Bachelor,19.9,101388,43.3,1,8.3,2,15,1,0
958,38,8.8,Engineering,Bachelor,64.0,99120,44.8,0,21.5,0,5,0,0
959,39,10.6,Sales,High School,15.5,82865,40.2,0,25.3,1,3,5,0
960,38,4.2,Engineering,Bachelor,20.6,106326,39.8,2,16.3,2,8,4,1
961,40,3.6,HR,PhD,15.6,107153,43.1,0,1.2,1,8,4,0
962,45,2.8,Engineering,Bachelor,58.9,117274,41.8,2,3.7,4,5,2,0
963,36,1.9,Sales,Bachelor,23.4,94172,50.0,2,6.7,3,12,4,0
964,40,2.9,Operations,Bachelor,21.3,84650,43.9,1,6.6,3,3,2,0
965,34,7.4,Engineering,High School,12.9,73919,48.6,0,22.4,0,3,1,0
966,46,4.6,Marketing,Master,53.6,112629,45.7,2,0.4,1,1,0,0
967,29,7.0,Sales,Bachelor,15.7,117848,34.1,5,28.2,1,3,1,1
968,49,2.9,Engineering,Bachelor,17.3,95537,38.7,2,6.2,3,3,0,0
969,34,4.7,Finance,Bachelor,3.9,79897,41.7,0,7.4,3,12,5,0
970,23,1.0,Engineering,Bachelor,16.3,84651,47.2,1,15.0,2,1,0,0
971,36,4.5,Sales,Bachelor,8.4,96087,53.6,1,4.9,6,5,2,0
972,29,6.1,Marketing,High School,25.5,75272,39.1,0,43.2,1,5,2,0
973,41,1.4,Marketing,Master,40.2,91484,42.3,1,1.8,0,12,1,0
974,29,3.6,HR,Master,18.9,95310,46.8,1,11.8,0,15,3,0
975,31,0.6,Engineering,Bachelor,20.8,75442,41.7,0,37.9,0,8,0,0
976,22,0.0,Engineering,PhD,10.8,111099,51.9,0,19.1,2,15,4,0
977,31,3.3,HR,High School,59.0,83417,33.9,0,6.9,4,8,1,0
978,22,0.0,Marketing,Bachelor,52.6,82921,46.1,0,10.9,1,15,3,0
979,22,0.0,Finance,Bachelor,41.1,75428,46.0,1,24.5,0,8,3,0
980,41,4.6,Finance,Bachelor,39.2,92996,48.9,0,72.4,2,1,4,0
981,41,6.8,Finance,Bachelor,11.1,75590,42.4,1,44.7,0,5,4,0
982,38,3.5,Sales,Bachelor,34.7,84005,47.3,0,8.4,0,5,3,0
983,27,5.0,Sales,High School,33.0,72587,40.5,0,80.0,1,3,2,0
984,34,0.4,Finance,Bachelor,36.0,89200,37.2,3,0.1,1,3,2,0
985,34,1.5,Sales,High School,3.4,60925,36.3,0,0.6,1,5,4,0
986,25,2.2,Engineering,Master,16.3,106733,33.4,1,34.7,1,12,4,0
987,47,3.2,Operations,Bachelor,10.6,86741,39.4,1,4.4,3,1,0,0
988,42,0.2,Operations,High School,15.5,51962,43.9,0,1.3,1,8,2,0
989,33,0.8,Sales,Bachelor,19.3,91565,40.8,3,5.4,1,8,4,0
990,35,1.6,Engineering,Bachelor,28.0,87974,43.2,2,11.1,2,15,2,0
991,36,14.0,Sales,Master,35.1,133727,49.4,2,26.2,1,12,1,0
992,22,0.0,Finance,Bachelor,52.2,87560,38.9,0,19.6,1,8,2,1
993,33,3.3,Operations,Bachelor,13.6,84262,56.0,1,5.4,1,5,3,0
994,29,1.1,Engineering,Master,40.5,90423,46.5,1,14.0,0,3,5,0
995,26,4.0,Engineering,Bachelor,27.2,81447,40.8,0,52.1,2,5,2,0
996,32,1.6,Operations,High School,4.7,60875,40.7,1,33.7,0,8,1,0
997,49,1.2,Sales,Bachelor,29.5,86118,36.0,0,7.8,2,12,0,0
998,40,3.6,Marketing,Master,50.1,95022,41.8,0,80.0,1,8,0,0
999,30,0.0,Operations,Bachelor,48.6,88034,30.0,1,24.7,2,3,3,0
1000,39,0.0,Engineering,Bachelor,22.0,85142,49.5,1,1.3,0,5,2,0
